"""X""","""Y""","""B07""","""B06""","""B05""","""B04""","""B03""","""B02""","""B01"""
461951,6978941,100.95166,70.685371,18.419079,10.087078,12.6998,5,5
461891,6977621,97.615036,65.713211,15.405696,7.321757,10.405696,5,5
461711,6978341,97.911156,66.118248,15.901751,8.267549,10.986151,5,5
461621,6978221,96.6119,64.930229,15.047926,7.232331,11,5,5
461741,6978491,96.340851,66.344742,16.979486,9.694909,11.715405,5,5
461891,6977981,94.991852,64.619453,15.647381,7.466711,10.633419,5,5
462101,6978101,100.491348,66.874664,15.323349,7.049751,10.649847,5,5
461681,6978521,101.665924,68.3731,16.315634,8.110107,11.270256,5,5
462251,6978011,102.477638,67.559814,15.451568,7.739581,10.47338,5,5
461771,6978821,100.459106,70.481956,20.366018,11.027585,12.875978,5,5
461921,6977981,93.328865,65.335754,17.780249,9.165804,11.864856,5,5
462161,6978461,94.915359,62.518795,13.434286,6,9.434286,4,4
461951,6978431,92.644089,64.017593,15.37924,7.65727,10.90243,5,5
461891,6977771,99.160004,68.574287,17.765173,9.145368,11.510792,5,5
461741,6977831,97.07151,66.384323,16.378979,8.616209,10.810778,5,5
462251,6978161,107.27137,80.417526,32.155949,19.744907,17.348852,7.987811,8
461621,6978191,97.292839,65.470299,14.894177,7.364478,10.843029,5,5
462191,6978221,96.931992,64.284294,14.633215,6.832868,10.53977,5.010453,5
462131,6977771,97.47422,65.757584,16.654476,9.566734,11.637173,5,5
462131,6978281,89.955132,60.609608,13.811021,6.156544,10,4.453064,4
461591,6979121,90.813576,69.637283,33.372849,26.833841,20.460993,9,9
461831,6978761,99.830383,70.684456,21.425583,13.334942,14.009583,5,5
461651,6978641,100.301674,70.127052,19.970362,11.520491,13.171925,5.483046,5
462161,6978431,81.946968,56.744164,14.567059,7.020028,10.233232,4,4
462251,6978581,94.390938,84.328354,68.676102,49.967239,34.420658,13.718297,14
462011,6978281,71.034363,55.056614,24.96096,16.001673,16.326164,6.822967,7
462401,6977561,98.546204,67.472176,19.330511,10.588593,12.159575,6,6
461711,6979001,102.129044,71.618996,19.993853,12.05536,12.933449,5.313332,5
462281,6978221,99.914665,72.929131,28.695715,14.39919,14.13443,7.996475,7
461711,6977801,99.108475,66.107628,14.389054,7.127431,10.281131,5,5
462071,6978401,88.327789,61.525421,15.657581,8.343052,11.456688,4.515237,5
461561,6978101,93.234314,69.162048,25.68718,11.807307,13.764076,8,8
462431,6977681,94.28933,75.986015,44.733662,20.792646,17.617956,10.504437,11
462131,6977831,96.422363,67.057884,19.096231,10.813312,12.322453,5.345523,5
462131,6977711,99.08876,66.95562,16.911236,8.395097,10.955618,5,5
462401,6977741,91.697357,70.489357,30.77737,21.326323,17.836262,8.239698,8
461981,6978911,101.966858,70.056831,17.535238,9.02748,11.535239,5,5
461921,6977861,96.707611,67,18.805906,11.705652,12.823903,5,5
461771,6978251,95.734673,65.580193,16.490383,8.525184,11.785615,5,5
462341,6977951,100.225235,69.176216,19.637482,12.545221,13.360719,7,7
461831,6978851,100.833786,69.643707,19.15205,11.162813,12.467554,5,5
462071,6978521,95.24453,64.523727,16.804878,8.676661,11.286756,4.813704,5
461861,6978881,101.805908,70.610092,18,10,12.610095,5,5
462131,6978821,100.30114,69.30114,18.134995,9.806708,11.972923,6.854173,7
461771,6977951,98.35006,65.452728,14.040164,6.519742,10.403655,5,5
461831,6977921,96.524017,65.25116,15.475984,8.224825,11.112412,5,5
461561,6978431,98.277748,74.276268,29.832928,23.889006,20.394026,9,9
461591,6977741,93.037323,64.209023,16.51919,8.677018,11.603786,5.085329,5
461621,6977561,94.095512,65.381142,16.857607,9.8252,11.982898,6.234927,7
462191,6978731,92.509987,66.065628,23.708525,17.058029,16.230034,7.472573,8
461711,6977561,93.816574,67.116257,21.116369,13.915984,14.551425,5.659348,6
462041,6978521,93.879295,63.922749,16.547956,8.900603,11.25694,5,5
462161,6978401,82.299255,55.956478,13.552537,6.11998,9.276269,4,4
462221,6978611,99.584,74.812004,34.872009,21.608177,18.929567,7,7
461561,6977801,95.911446,67.2603,19.842739,7.455726,11.023156,7.409413,7
462131,6977921,95.17205,67.623825,21.740267,13.217171,13.93885,6,6
462131,6978701,101.52964,66.463722,13.508101,6.463719,10.167667,4.514744,5
461651,6978791,97.204872,67.775124,18.75696,10.273913,12.516954,5.966092,5
461771,6977891,95.487396,67.360138,18.704082,11.039195,12.667529,5,5
461651,6978851,101.742325,70.315392,18.586288,10.57313,12.729245,5.943015,5
462251,6977591,99.442963,68.501823,19.058895,10.167371,12.168105,5,5
461621,6978491,101.712585,68.50959,16.25177,8.033324,11.08215,5.872951,6
462101,6978551,98.117584,65.820007,16.439474,9.01497,11.229973,4.735428,5
461621,6978011,94.679626,65.514336,17.136606,9.614595,12.209161,5,5
462221,6978161,101.204346,74.562317,26.837135,18.129454,16.90472,6,6
462011,6979001,99.562645,70.380424,19.085663,10.257586,12.380425,5.75322,6
462191,6978671,97.665306,65.764,16.029118,7.810652,10.777275,6.472573,7
461921,6978221,77.904625,59.524925,22.634815,14.2866,15.603263,6.726414,6
462011,6977681,100.684952,69.562111,17.365032,9.660078,12.295047,5,5
462131,6978761,103.546043,69.324532,16.070284,8.161019,11.360131,5.684458,6
461771,6978671,99.293877,69.065285,20.152195,11.21995,13.143785,5.856382,6
461561,6977951,96.151115,68.240402,22.913382,10.752799,12.501599,7,7
462191,6978791,90.423447,71.075462,37.233902,39.230343,26.910776,9.881487,11
462101,6978371,86.378624,58.746315,13.187555,6.294997,9.79765,4,4
461681,6978191,95.636131,64.822708,14.703237,7,10.703237,5,5
461651,6977591,93.652,65.25975,18.028521,8.792006,11.584835,5,5
461951,6978011,93.000519,66.328377,19.568886,12.579896,13.872212,5,5
461921,6977681,101.008781,66.382103,14.780438,6.68788,10.065371,5,5
461531,6977711,92.018196,72.734406,39.396221,28.985455,24.533499,7,7
462161,6977951,95.733353,66.229584,18.508411,10.029531,11.737998,6,6
462341,6978071,104.395164,79.829483,36.419788,31.863863,23.31356,10,10
461801,6978221,100.097527,67.22657,14.777312,7.368422,10.616145,5,5
462281,6977681,98.074257,67.908775,18.908773,10.365136,12.068182,5.111274,5
461681,6978101,96.174347,65,15.078405,7.274195,10.785178,5,5
462071,6978551,95.163422,66.42598,17.706964,9.880269,11.688542,5,5
462281,6977561,100.388855,68.732399,17.958681,9.437388,11.920573,5.659348,6
461711,6977591,92.587349,66.468376,20.781643,12.293909,13.487388,5,5
461831,6978341,96.32843,65.643707,15,7.162201,10.596104,5,5
462191,6977801,98.065041,66.95063,17.087654,8.928021,11.801579,5,5
461831,6978671,98.408226,69.227707,21.17577,12.436975,13.87516,6,6
462041,6978701,99.493958,69.657921,19.752262,10.294041,12.760963,5,5
461861,6977591,94.513412,66.279816,19.321692,10.287291,12.192255,5,5
461831,6978131,95.312599,65.156303,15,7,10.761922,5,5
461621,6978431,98.700951,68.337837,18.162912,9.749342,11.931574,5.872951,6
461681,6977591,93.466187,65.389908,18.31682,10.097491,12.384585,5,5
461981,6977981,96.081444,65,16.837111,8.429968,11.264868,5,5
462191,6978041,100.86248,67.214096,15.569916,7.569916,10.569916,5.394107,5
461831,6977861,98,66,17,8.836874,11.416001,5,5
461861,6977771,97.017685,68.225975,18.846354,10.887092,12.098907,5,5
461891,6978491,99.060509,67.581963,17.513971,9.930838,12.02696,5,5
462041,6977561,100.563271,66.59198,14.387141,7.642922,10.084512,5.659348,6
462251,6977921,97.159531,66.764992,18.446844,10.29179,12.042299,5.251159,5
461591,6978581,99.777077,66.647552,17.053148,9.48409,11.531121,6.137149,6
462071,6978761,99.966217,69.620911,18.87608,10.173029,12.258635,5,5
462041,6977711,101.315048,67.295044,15.590094,7.675799,10.34628,5,5
461711,6978881,101,70,19.313332,10.793773,12.870346,5,5
461771,6978731,99.846596,70.071747,21.095098,12.169143,13.31802,5,5
462041,6978311,92.224937,62.923595,15.282423,6.40854,10.178904,5,5
461711,6978401,100.734711,67.568443,15.978178,7.769781,10.578619,5,5
461651,6978221,94.779808,64.389908,15.377221,7.987317,11,5,5
461921,6978731,100.410141,67.748802,17.206127,8.536513,11.022055,5,5
461681,6978971,100.011375,71.363312,20.614117,11.721935,13.522182,5.97341,6
461771,6978851,100.68998,69.982903,18.96154,10.469593,12.554761,5,5
462101,6978131,99.71154,66.560127,14.613731,6.890479,10.349159,5,5
461951,6977831,99.406548,66.448235,16.194765,7.738482,10.673337,5,5
461651,6977861,93.516953,64.516953,16,8.638445,11.420873,5,5
461951,6978881,100.654228,69.788612,17.834911,9.386834,12.057068,5,5
461591,6978881,99.088142,69.362717,23.372849,12.823709,14.659018,7,7
462011,6978521,92.350281,63.807789,15.703189,8.313284,11.313284,5,5
461861,6978191,91.429703,63.131603,15.323757,6.96116,10.442618,5,5
462011,6978071,97.743683,65.864853,14.783578,6.832376,10.508245,5,5
461771,6977741,100.356064,66.727753,15.046235,7.325127,10.388138,5,5
461951,6978401,91.098534,63.350422,15.7698,7.07807,10.892282,5,5
461921,6978941,99.669006,70.989845,20.682913,11.910425,13.355371,5,5
461831,6978791,101.048264,71,20.174599,11.457737,13.222865,5,5
461651,6978371,98.99292,69,18,9.722858,12.483046,5,5
462041,6978881,100.708839,72.196846,20.934061,11.485305,13.642357,5,5
462371,6977561,98.820541,67.325676,17.273798,9.066811,11.171364,5.905721,6
461711,6978221,93.472855,63.445332,15.141435,7.384259,10.501483,5,5
462221,6978191,100.395996,70.700912,21.554668,13.061516,13.409177,6,6
